26.00
25.10
23.80
15.10
22.30
23.40
24.80
23.60
23.40
25.10
22.40
23.90
22.40
22.20
20.90
24.30
11.80
10.20
26.90
24.10
23.10
24.80
26.70
28.00
28.40
27.80
27.90
25.00
22.70
20.50
23.70
27.10
25.30
26.00
26.10
23.00
23.80
22.80
25.10
24.30
25.40
26.30
21.30
26.00
26.50
23.70
24.90
23.90
23.40
23.60
24.10
27.00
27.80
28.40
27.60
23.50
25.90
24.30
28.80
13.80
23.50
22.00
21.10
21.20
20.20
19.90
20.10
20.10
20.60
20.60
22.10
20.80
23.10
25.00
25.10
25.70
24.40
24.00
24.70
20.80
23.90
21.40
20.20
22.30
22.00
17.70
27.40
22.70
29.00
28.20
20.60
25.70
30.50
30.10
33.80
29.40
25.80
28.30
13.30
13.30
13.30
22.50
22.40
27.70
25.00
26.30
22.00
22.70
12.50
16.40
20.80
22.50
23.00
14.00
23.50
23.50
13.50
21.40
18.80
18.00
18.80
19.40
21.20
20.90
20.90
21.60
21.70
21.20
20.40
19.40
15.40
21.60
19.50
20.20
25.60
14.40
22.80
24.10
24.50
24.60
23.10
25.00
23.20
24.30
25.30
22.80
20.60
23.80
18.10
26.00
26.60
26.80
26.70
17.20
22.50
19.50
21.30
17.50
21.60
22.30
23.90
23.20
24.30
23.60
24.80
27.70
13.00
22.80
22.70
25.10
27.60
26.60
22.20
