29.17
34.14
36.98
45.25
40.67
40.19
41.26
23.01
28.59
29.80
25.50
24.32
25.88
30.41
31.18
23.35
39.40
48.74
35.06
0.00
31.90
33.41
36.15
29.95
37.19
16.39
0.00
35.00
85.46
57.11
19.56
0.00
27.18
0.00
24.68
0.00
63.45
52.05
43.77
60.18
51.79
88.10
57.13
79.59
0.00
78.30
65.92
51.02
0.00
78.71
26.06
43.22
32.27
34.87
54.12
35.73
52.69
50.93
53.93
0.00
77.05
33.94
99.56
37.65
40.71
28.76
34.84
61.42
0.00
52.17
21.21
33.17
23.97
45.71
60.13
39.89
57.77
52.88
63.63
102.06
