0.168
0.16
0.153
0.153
0.166
0.182
0.198
0.145
0.159
0.211
0.21
0.227
0.209
0.196
0.202
0.231
0.167
0.158
0.184
0.238
0.145
0.189
0.175
0.213
0.175
0.236
0.216
0.169
0.045
0.111
0.203
0.181
0.222
0.167
0.207
0.097
0.096
0.096
0.176
0.113
0.128
0.032
0.118
0.043
0.147
0.049
0.083
0.135
0.193
0.041
0.163
0.145
0.164
0.131
0.094
0.133
0.106
0.105
0.104
0.13
0.039
0.134
0.004
0.136
0.145
0.189
0.159
0.084
0.203
0.13
0.255
0.173
0.209
0.128
0.107
0.12
0.084
0.108
0.1
0.006
