-247.79917726422076  -1078.5284373509726  -0.0
-247.79917726422076  -1078.5284373509726  -1.3263276146151934
-247.79917726422076  -1078.5284373509726  -2.652655229230387
-247.79917726422076  -1078.5284373509726  -3.97898284384558
-247.79917726422076  -1078.5284373509726  -5.305310458460774
-247.79917726422076  -1078.5284373509726  -6.631638073075966
-247.79917726422076  -1078.5284373509726  -7.95796568769116
-247.79917726422076  -1078.5284373509726  -9.284293302306354
-247.79917726422076  -1078.5284373509726  -10.610620916921548
-247.79917726422076  -1078.5284373509726  -11.93694853153674
-247.79917726422076  -1078.5284373509726  -13.263276146151933
-247.79917726422076  -1078.5284373509726  -14.589603760767126
-247.79917726422076  -1078.5284373509726  -15.91593137538232
-247.79917726422076  -1078.5284373509726  -17.242258989997513
-247.79917726422076  -1078.5284373509726  -18.568586604612708
-247.79917726422076  -1078.5284373509726  -19.8949142192279
-247.79917726422076  -1078.5284373509726  -21.221241833843095
-247.79917726422076  -1078.5284373509726  -22.54756944845829
-247.79917726422076  -1078.5284373509726  -23.87389706307348
-247.79917726422076  -1078.5284373509726  -25.200224677688674
-247.79917726422076  -1078.5284373509726  -26.526552292303865
-247.79917726422076  -1078.5284373509726  -27.852879906919064
-247.79917726422076  -1078.5284373509726  -29.179207521534252
-247.79917726422076  -1078.5284373509726  -30.505535136149447
-247.79917726422076  -1078.5284373509726  -31.83186275076464
-247.79917726422076  -1078.5284373509726  -33.15819036537984
-247.79917726422076  -1078.5284373509726  -34.484517979995026
-247.79917726422076  -1078.5284373509726  -35.81084559461022
-247.79917726422076  -1078.5284373509726  -37.137173209225416
-247.79917726422076  -1078.5284373509726  -38.46350082384061
-247.79917726422076  -1078.5284373509726  -39.7898284384558
-247.79917726422076  -1078.5284373509726  -41.116156053070995
-247.79917726422076  -1078.5284373509726  -42.44248366768619
-247.79917726422076  -1078.5284373509726  -43.76881128230138
-247.79917726422076  -1078.5284373509726  -45.09513889691658
-247.79917726422076  -1078.5284373509726  -46.421466511531776
-247.79917726422076  -1078.5284373509726  -47.74779412614696
-247.79917726422076  -1078.5284373509726  -49.07412174076215
-247.79917726422076  -1078.5284373509726  -50.40044935537735
-247.79917726422076  -1078.5284373509726  -51.72677696999254
-247.79917726422076  -1078.5284373509726  -53.05310458460773
-247.79917726422076  -1078.5284373509726  -54.379432199222926
-247.79917726422076  -1078.5284373509726  -55.70575981383813
-247.79917726422076  -1078.5284373509726  -57.03208742845331
-247.79917726422076  -1078.5284373509726  -58.358415043068504
-247.79917726422076  -1078.5284373509726  -59.6847426576837
-247.79917726422076  -1078.5284373509726  -61.011070272298895
-247.79917726422076  -1078.5284373509726  -62.33739788691409
-247.79917726422076  -1078.5284373509726  -63.66372550152928
-247.79917726422076  -1078.5284373509726  -64.99005311614448
-247.79917726422076  -1078.5284373509726  -66.31638073075968
-247.79917726422076  -1078.5284373509726  -67.64270834537486
-247.79917726422076  -1078.5284373509726  -68.96903595999005
-247.79917726422076  -1078.5284373509726  -70.29536357460525
-247.79917726422076  -1078.5284373509726  -71.62169118922044
-247.79917726422076  -1078.5284373509726  -72.94801880383562
-247.79917726422076  -1078.5284373509726  -74.27434641845083
-247.79917726422076  -1078.5284373509726  -75.60067403306603
-247.79917726422076  -1078.5284373509726  -76.92700164768122
-247.79917726422076  -1078.5284373509726  -78.2533292622964
-247.79917726422076  -1078.5284373509726  -79.5796568769116
-247.79917726422076  -1078.5284373509726  -80.90598449152678
-247.79917726422076  -1078.5284373509726  -82.23231210614199
-247.79917726422076  -1078.5284373509726  -83.55863972075718
-247.79917726422076  -1078.5284373509726  -84.88496733537238
-247.79917726422076  -1078.5284373509726  -86.21129494998758
-247.79917726422076  -1078.5284373509726  -87.53762256460276
-247.79917726422076  -1078.5284373509726  -88.86395017921797
-247.79917726422076  -1078.5284373509726  -90.19027779383316
-247.79917726422076  -1078.5284373509726  -91.51660540844834
-247.79917726422076  -1078.5284373509726  -92.84293302306355
-247.79917726422076  -1078.5284373509726  -94.16926063767872
-247.79917726422076  -1078.5284373509726  -95.49558825229391
-247.79917726422076  -1078.5284373509726  -96.82191586690911
-247.79917726422076  -1078.5284373509726  -98.1482434815243
-247.79917726422076  -1078.5284373509726  -99.4745710961395
-247.79917726422076  -1078.5284373509726  -100.8008987107547
-247.79917726422076  -1078.5284373509726  -102.12722632536989
-247.79917726422076  -1078.5284373509726  -103.45355393998508
-247.79917726422076  -1078.5284373509726  -104.77988155460028
-247.79917726422076  -1078.5284373509726  -106.10620916921546
-247.79917726422076  -1078.5284373509726  -107.43253678383067
-247.79917726422076  -1078.5284373509726  -108.75886439844585
-247.79917726422076  -1078.5284373509726  -110.08519201306106
-247.79917726422076  -1078.5284373509726  -111.41151962767626
-247.79917726422076  -1078.5284373509726  -112.73784724229144
-247.79917726422076  -1078.5284373509726  -114.06417485690662
-247.79917726422076  -1078.5284373509726  -115.39050247152181
-247.79917726422076  -1078.5284373509726  -116.71683008613701
-247.79917726422076  -1078.5284373509726  -118.0431577007522
-247.79917726422076  -1078.5284373509726  -119.3694853153674
-247.79917726422076  -1078.5284373509726  -120.69581292998258
-247.79917726422076  -1078.5284373509726  -122.02214054459779
-247.79917726422076  -1078.5284373509726  -123.34846815921298
-247.79917726422076  -1078.5284373509726  -124.67479577382818
-247.79917726422076  -1078.5284373509726  -126.00112338844338
-247.79917726422076  -1078.5284373509726  -127.32745100305856
-247.79917726422076  -1078.5284373509726  -128.65377861767377
-247.79917726422076  -1078.5284373509726  -129.98010623228896
-247.79917726422076  -1078.5284373509726  -131.30643384690416
-247.79917726422076  -1078.5284373509726  -132.63276146151935
-247.79917726422076  -1078.5284373509726  -133.95908907613455
-247.79917726422076  -1078.5284373509726  -135.2854166907497
-247.79917726422076  -1078.5284373509726  -136.6117443053649
-247.79917726422076  -1078.5284373509726  -137.9380719199801
-247.79917726422076  -1078.5284373509726  -139.2643995345953
-247.79917726422076  -1078.5284373509726  -140.5907271492105
-247.79917726422076  -1078.5284373509726  -141.9170547638257
-247.79917726422076  -1078.5284373509726  -143.24338237844088
-247.79917726422076  -1078.5284373509726  -144.56970999305608
-247.79917726422076  -1078.5284373509726  -145.89603760767125
-247.79917726422076  -1078.5284373509726  -147.22236522228647
-247.79917726422076  -1078.5284373509726  -148.54869283690167
-247.79917726422076  -1078.5284373509726  -149.87502045151686
-247.79917726422076  -1078.5284373509726  -151.20134806613206
-247.79917726422076  -1078.5284373509726  -152.52767568074722
-247.79917726422076  -1078.5284373509726  -153.85400329536245
-247.79917726422076  -1078.5284373509726  -155.1803309099776
-247.79917726422076  -1078.5284373509726  -156.5066585245928
-247.79917726422076  -1078.5284373509726  -157.832986139208
-247.79917726422076  -1078.5284373509726  -159.1593137538232
-247.79917726422076  -1078.5284373509726  -160.4856413684384
-247.79917726422076  -1078.5284373509726  -161.81196898305356
-247.79917726422076  -1078.5284373509726  -163.13829659766878
-247.79917726422076  -1078.5284373509726  -164.46462421228398
-247.79917726422076  -1078.5284373509726  -165.79095182689917
-247.79917726422076  -1078.5284373509726  -167.11727944151437
-247.79917726422076  -1078.5284373509726  -168.44360705612954
-247.79917726422076  -1078.5284373509726  -169.76993467074476
-247.79917726422076  -1078.5284373509726  -171.09626228535996
-247.79917726422076  -1078.5284373509726  -172.42258989997515
-247.79917726422076  -1078.5284373509726  -173.74891751459035
-247.79917726422076  -1078.5284373509726  -175.0752451292055
-247.79917726422076  -1078.5284373509726  -176.4015727438207
-247.79917726422076  -1078.5284373509726  -177.72790035843593
-247.79917726422076  -1078.5284373509726  -179.05422797305113
-247.79917726422076  -1078.5284373509726  -180.38055558766632
-247.79917726422076  -1078.5284373509726  -181.7068832022815
-247.79917726422076  -1078.5284373509726  -183.03321081689668
-247.79917726422076  -1078.5284373509726  -184.3595384315119
-247.79917726422076  -1078.5284373509726  -185.6858660461271
-247.79917726422076  -1078.5284373509726  -187.01219366074224
-247.79917726422076  -1078.5284373509726  -188.33852127535744
-247.79917726422076  -1078.5284373509726  -189.66484888997263
-247.79917726422076  -1078.5284373509726  -190.99117650458783
-247.79917726422076  -1078.5284373509726  -192.31750411920302
-247.79917726422076  -1078.5284373509726  -193.64383173381822
-247.79917726422076  -1078.5284373509726  -194.9701593484334
-247.79917726422076  -1078.5284373509726  -196.2964869630486
-247.79917726422076  -1078.5284373509726  -197.6228145776638
-247.79917726422076  -1078.5284373509726  -198.949142192279
-247.79917726422076  -1078.5284373509726  -200.2754698068942
-247.79917726422076  -1078.5284373509726  -201.6017974215094
-247.79917726422076  -1078.5284373509726  -202.92812503612458
-247.79917726422076  -1078.5284373509726  -204.25445265073978
-247.79917726422076  -1078.5284373509726  -205.58078026535497
-247.79917726422076  -1078.5284373509726  -206.90710787997017
-247.79917726422076  -1078.5284373509726  -208.23343549458536
-247.79917726422076  -1078.5284373509726  -209.55976310920056
-247.79917726422076  -1078.5284373509726  -210.88609072381573
-247.79917726422076  -1078.5284373509726  -212.21241833843092
-247.79917726422076  -1078.5284373509726  -213.53874595304615
-247.79917726422076  -1078.5284373509726  -214.86507356766134
-247.79917726422076  -1078.5284373509726  -216.19140118227654
-247.79917726422076  -1078.5284373509726  -217.5177287968917
-247.79917726422076  -1078.5284373509726  -218.8440564115069
-247.79917726422076  -1078.5284373509726  -220.17038402612212
-247.79917726422076  -1078.5284373509726  -221.49671164073732
-247.79917726422076  -1078.5284373509726  -222.8230392553525
-247.79917726422076  -1078.5284373509726  -224.14936686996768
-247.79917726422076  -1078.5284373509726  -225.47569448458287
-247.79917726422076  -1078.5284373509726  -226.80202209919807
-247.79917726422076  -1078.5284373509726  -228.12834971381324
-247.79917726422076  -1078.5284373509726  -229.45467732842843
-247.79917726422076  -1078.5284373509726  -230.78100494304363
-247.79917726422076  -1078.5284373509726  -232.10733255765882
-247.79917726422076  -1078.5284373509726  -233.43366017227402
-247.79917726422076  -1078.5284373509726  -234.7599877868892
-247.79917726422076  -1078.5284373509726  -236.0863154015044
-247.79917726422076  -1078.5284373509726  -237.4126430161196
-247.79917726422076  -1078.5284373509726  -238.7389706307348
-247.79917726422076  -1078.5284373509726  -240.06529824535
-247.79917726422076  -1078.5284373509726  -241.39162585996516
-247.79917726422076  -1078.5284373509726  -242.71795347458038
-247.79917726422076  -1078.5284373509726  -244.04428108919558
-247.79917726422076  -1078.5284373509726  -245.37060870381077
-247.79917726422076  -1078.5284373509726  -246.69693631842597
-247.79917726422076  -1078.5284373509726  -248.02326393304114
-247.79917726422076  -1078.5284373509726  -249.34959154765636
-247.79917726422076  -1078.5284373509726  -250.67591916227155
-247.79917726422076  -1078.5284373509726  -252.00224677688675
-247.79917726422076  -1078.5284373509726  -253.32857439150195
-247.79917726422076  -1078.5284373509726  -254.6549020061171
-247.79917726422076  -1078.5284373509726  -255.98122962073234
-247.79917726422076  -1078.5284373509726  -257.30755723534753
-247.79917726422076  -1078.5284373509726  -258.6338848499627
-247.79917726422076  -1078.5284373509726  -259.9602124645779
-247.79917726422076  -1078.5284373509726  -261.2865400791931
-247.79917726422076  -1078.5284373509726  -262.6128676938083
-247.79917726422076  -1078.5284373509726  -263.9391953084235
-247.79917726422076  -1078.5284373509726  -265.2655229230387
-247.79917726422076  -1078.5284373509726  -266.5918505376539
-247.79917726422076  -1078.5284373509726  -267.9181781522691
-247.79917726422076  -1078.5284373509726  -269.24450576688423
-247.79917726422076  -1078.5284373509726  -270.5708333814994
-247.79917726422076  -1078.5284373509726  -271.8971609961146
-247.79917726422076  -1078.5284373509726  -273.2234886107298
-247.79917726422076  -1078.5284373509726  -274.549816225345
-247.79917726422076  -1078.5284373509726  -275.8761438399602
-247.79917726422076  -1078.5284373509726  -277.2024714545754
-247.79917726422076  -1078.5284373509726  -278.5287990691906
-247.79917726422076  -1078.5284373509726  -279.8551266838058
-247.79917726422076  -1078.5284373509726  -281.181454298421
-247.79917726422076  -1078.5284373509726  -282.5077819130362
-247.79917726422076  -1078.5284373509726  -283.8341095276514
-247.79917726422076  -1078.5284373509726  -285.1604371422666
-247.79917726422076  -1078.5284373509726  -286.48676475688177
-247.79917726422076  -1078.5284373509726  -287.81309237149696
-247.79917726422076  -1078.5284373509726  -289.13941998611216
-247.79917726422076  -1078.5284373509726  -290.46574760072735
-247.79917726422076  -1078.5284373509726  -291.7920752153425
-247.79917726422076  -1078.5284373509726  -293.11840282995774
-247.79917726422076  -1078.5284373509726  -294.44473044457294
-247.79917726422076  -1078.5284373509726  -295.77105805918814
-247.79917726422076  -1078.5284373509726  -297.09738567380333
-247.79917726422076  -1078.5284373509726  -298.4237132884185
-247.79917726422076  -1078.5284373509726  -299.7500409030337
-247.79917726422076  -1078.5284373509726  -301.0763685176489
-247.79917726422076  -1078.5284373509726  -302.4026961322641
-247.79917726422076  -1078.5284373509726  -303.7290237468793
-247.79917726422076  -1078.5284373509726  -305.05535136149444
-247.79917726422076  -1078.5284373509726  -306.3816789761097
-247.79917726422076  -1078.5284373509726  -307.7080065907249
-247.79917726422076  -1078.5284373509726  -309.0343342053401
-247.79917726422076  -1078.5284373509726  -310.3606618199552
-247.79917726422076  -1078.5284373509726  -311.6869894345704
-247.79917726422076  -1078.5284373509726  -313.0133170491856
-247.79917726422076  -1078.5284373509726  -314.3396446638008
-247.79917726422076  -1078.5284373509726  -315.665972278416
-247.79917726422076  -1078.5284373509726  -316.99229989303115
-247.79917726422076  -1078.5284373509726  -318.3186275076464
-247.79917726422076  -1078.5284373509726  -319.6449551222616
-247.79917726422076  -1078.5284373509726  -320.9712827368768
-247.79917726422076  -1078.5284373509726  -322.297610351492
-247.79917726422076  -1078.5284373509726  -323.6239379661071
-247.79917726422076  -1078.5284373509726  -324.9502655807224
-247.79917726422076  -1078.5284373509726  -326.27659319533757
-247.79917726422076  -1078.5284373509726  -327.60292080995276
-247.79917726422076  -1078.5284373509726  -328.92924842456796
-247.79917726422076  -1078.5284373509726  -330.2555760391831
-247.79917726422076  -1078.5284373509726  -331.58190365379835
-247.79917726422076  -1078.5284373509726  -332.90823126841354
-247.79917726422076  -1078.5284373509726  -334.23455888302874
-247.79917726422076  -1078.5284373509726  -335.56088649764393
-247.79917726422076  -1078.5284373509726  -336.8872141122591
-247.79917726422076  -1078.5284373509726  -338.2135417268743
-247.79917726422076  -1078.5284373509726  -339.5398693414895
-247.79917726422076  -1078.5284373509726  -340.86619695610466
-247.79917726422076  -1078.5284373509726  -342.1925245707199
-247.79917726422076  -1078.5284373509726  -343.51885218533505
-247.79917726422076  -1078.5284373509726  -344.8451797999503
-247.79917726422076  -1078.5284373509726  -346.1715074145655
-247.79917726422076  -1078.5284373509726  -347.4978350291807
-247.79917726422076  -1078.5284373509726  -348.8241626437959
-247.79917726422076  -1078.5284373509726  -350.150490258411
-247.79917726422076  -1078.5284373509726  -351.4768178730263
-247.79917726422076  -1078.5284373509726  -352.8031454876414
-247.79917726422076  -1078.5284373509726  -354.1294731022566
-247.79917726422076  -1078.5284373509726  -355.45580071687186
-247.79917726422076  -1078.5284373509726  -356.782128331487
-247.79917726422076  -1078.5284373509726  -358.10845594610225
-247.79917726422076  -1078.5284373509726  -359.4347835607174
-247.79917726422076  -1078.5284373509726  -360.76111117533264
-247.79917726422076  -1078.5284373509726  -362.08743878994784
-247.79917726422076  -1078.5284373509726  -363.413766404563
-247.79917726422076  -1078.5284373509726  -364.7400940191782
-247.79917726422076  -1078.5284373509726  -366.06642163379337
-247.79917726422076  -1078.5284373509726  -367.39274924840856
-247.79917726422076  -1078.5284373509726  -368.7190768630238
-247.79917726422076  -1078.5284373509726  -370.04540447763895
-247.79917726422076  -1078.5284373509726  -371.3717320922542
-247.79917726422076  -1078.5284373509726  -372.69805970686934
-247.79917726422076  -1078.5284373509726  -374.0243873214845
-247.79917726422076  -1078.5284373509726  -375.35071493609973
-247.79917726422076  -1078.5284373509726  -376.6770425507149
-247.79917726422076  -1078.5284373509726  -378.00337016533007
-247.79917726422076  -1078.5284373509726  -379.32969777994526
-247.79917726422076  -1078.5284373509726  -380.65602539456046
-247.79917726422076  -1078.5284373509726  -381.98235300917565
-247.79917726422076  -1078.5284373509726  -383.30868062379085
-247.79917726422076  -1078.5284373509726  -384.63500823840604
-247.79917726422076  -1078.5284373509726  -385.96133585302124
-247.79917726422076  -1078.5284373509726  -387.28766346763643
-247.79917726422076  -1078.5284373509726  -388.6139910822516
-247.79917726422076  -1078.5284373509726  -389.9403186968668
-247.79917726422076  -1078.5284373509726  -391.266646311482
-247.79917726422076  -1078.5284373509726  -392.5929739260972
-247.79917726422076  -1078.5284373509726  -393.9193015407124
-247.79917726422076  -1078.5284373509726  -395.2456291553276
-247.79917726422076  -1078.5284373509726  -396.5719567699428
-247.79917726422076  -1078.5284373509726  -397.898284384558
-247.79917726422076  -1078.5284373509726  -399.2246119991732
-247.79917726422076  -1078.5284373509726  -400.5509396137884
-247.79917726422076  -1078.5284373509726  -401.8772672284035
-247.79917726422076  -1078.5284373509726  -403.2035948430188
-247.79917726422076  -1078.5284373509726  -404.529922457634
-247.79917726422076  -1078.5284373509726  -405.85625007224917
-247.79917726422076  -1078.5284373509726  -407.18257768686436
-247.79917726422076  -1078.5284373509726  -408.50890530147956
-247.79917726422076  -1078.5284373509726  -409.83523291609475
-247.79917726422076  -1078.5284373509726  -411.16156053070995
-247.79917726422076  -1078.5284373509726  -412.4878881453251
-247.79917726422076  -1078.5284373509726  -413.81421575994034
-247.79917726422076  -1078.5284373509726  -415.1405433745555
-247.79917726422076  -1078.5284373509726  -416.46687098917073
-247.79917726422076  -1078.5284373509726  -417.79319860378587
-247.79917726422076  -1078.5284373509726  -419.1195262184011
-247.79917726422076  -1078.5284373509726  -420.4458538330163
-247.79917726422076  -1078.5284373509726  -421.77218144763145
-247.79917726422076  -1078.5284373509726  -423.0985090622467
-247.79917726422076  -1078.5284373509726  -424.42483667686184
-247.79917726422076  -1078.5284373509726  -425.75116429147704
-247.79917726422076  -1078.5284373509726  -427.0774919060923
-247.79917726422076  -1078.5284373509726  -428.40381952070743
-247.79917726422076  -1078.5284373509726  -429.7301471353227
-247.79917726422076  -1078.5284373509726  -431.0564747499378
-247.79917726422076  -1078.5284373509726  -432.3828023645531
-247.79917726422076  -1078.5284373509726  -433.70912997916827
-247.79917726422076  -1078.5284373509726  -435.0354575937834
-247.79917726422076  -1078.5284373509726  -436.36178520839866
-247.79917726422076  -1078.5284373509726  -437.6881128230138
-247.79917726422076  -1078.5284373509726  -439.014440437629
-247.79917726422076  -1078.5284373509726  -440.34076805224424
-247.79917726422076  -1078.5284373509726  -441.6670956668594
-247.79917726422076  -1078.5284373509726  -442.99342328147463
-247.79917726422076  -1078.5284373509726  -444.3197508960898
-247.79917726422076  -1078.5284373509726  -445.646078510705
-247.79917726422076  -1078.5284373509726  -446.9724061253202
-247.79917726422076  -1078.5284373509726  -448.29873373993536
-247.79917726422076  -1078.5284373509726  -449.6250613545506
-247.79917726422076  -1078.5284373509726  -450.95138896916575
-247.79917726422076  -1078.5284373509726  -452.27771658378094
-247.79917726422076  -1078.5284373509726  -453.60404419839614
-247.79917726422076  -1078.5284373509726  -454.93037181301133
-247.79917726422076  -1078.5284373509726  -456.2566994276265
-247.79917726422076  -1078.5284373509726  -457.58302704224167
-247.79917726422076  -1078.5284373509726  -458.90935465685686
-247.79917726422076  -1078.5284373509726  -460.235682271472
-247.79917726422076  -1078.5284373509726  -461.56200988608725
-247.79917726422076  -1078.5284373509726  -462.88833750070245
-247.79917726422076  -1078.5284373509726  -464.21466511531764
-247.79917726422076  -1078.5284373509726  -465.54099272993284
-247.79917726422076  -1078.5284373509726  -466.86732034454803
-247.79917726422076  -1078.5284373509726  -468.19364795916323
-247.79917726422076  -1078.5284373509726  -469.5199755737784
-247.79917726422076  -1078.5284373509726  -470.8463031883936
-247.79917726422076  -1078.5284373509726  -472.1726308030088
-247.79917726422076  -1078.5284373509726  -473.49895841762395
-247.79917726422076  -1078.5284373509726  -474.8252860322392
-247.79917726422076  -1078.5284373509726  -476.1516136468544
-247.79917726422076  -1078.5284373509726  -477.4779412614696
-247.79917726422076  -1078.5284373509726  -478.8042688760848
-247.79917726422076  -1078.5284373509726  -480.1305964907
-247.79917726422076  -1078.5284373509726  -481.4569241053152
-247.79917726422076  -1078.5284373509726  -482.7832517199303
-247.79917726422076  -1078.5284373509726  -484.1095793345456
-247.79917726422076  -1078.5284373509726  -485.43590694916077
-247.79917726422076  -1078.5284373509726  -486.7622345637759
-247.79917726422076  -1078.5284373509726  -488.08856217839116
-247.79917726422076  -1078.5284373509726  -489.4148897930063
-247.79917726422076  -1078.5284373509726  -490.74121740762155
-247.79917726422076  -1078.5284373509726  -492.06754502223674
-247.79917726422076  -1078.5284373509726  -493.39387263685194
-247.79917726422076  -1078.5284373509726  -494.72020025146713
-247.79917726422076  -1078.5284373509726  -496.0465278660823
-247.79917726422076  -1078.5284373509726  -497.37285548069747
-247.79917726422076  -1078.5284373509726  -498.6991830953127
-247.79917726422076  -1078.5284373509726  -500.02551070992786
-247.79917726422076  -1078.5284373509726  -501.3518383245431
-247.79917726422076  -1078.5284373509726  -502.67816593915825
-247.79917726422076  -1078.5284373509726  -504.0044935537735
-247.79917726422076  -1078.5284373509726  -505.3308211683887
-247.79917726422076  -1078.5284373509726  -506.6571487830039
-247.79917726422076  -1078.5284373509726  -507.9834763976191
-247.79917726422076  -1078.5284373509726  -509.3098040122342
-247.79917726422076  -1078.5284373509726  -510.6361316268494
-247.79917726422076  -1078.5284373509726  -511.96245924146467
-247.79917726422076  -1078.5284373509726  -513.2887868560798
-247.79917726422076  -1078.5284373509726  -514.6151144706951
-247.79917726422076  -1078.5284373509726  -515.9414420853102
-247.79917726422076  -1078.5284373509726  -517.2677696999255
-247.79917726422076  -1078.5284373509726  -518.5940973145406
-247.79917726422076  -1078.5284373509726  -519.9204249291558
-247.79917726422076  -1078.5284373509726  -521.246752543771
-247.79917726422076  -1078.5284373509726  -522.5730801583862
-247.79917726422076  -1078.5284373509726  -523.8994077730014
-247.79917726422076  -1078.5284373509726  -525.2257353876166
-247.79917726422076  -1078.5284373509726  -526.5520630022318
-247.79917726422076  -1078.5284373509726  -527.878390616847
-247.79917726422076  -1078.5284373509726  -529.2047182314622
-247.79917726422076  -1078.5284373509726  -530.5310458460774
-247.79917726422076  -1078.5284373509726  -531.8573734606925
-247.79917726422076  -1078.5284373509726  -533.1837010753078
-247.79917726422076  -1078.5284373509726  -534.5100286899229
-247.79917726422076  -1078.5284373509726  -535.8363563045382
-247.79917726422076  -1078.5284373509726  -537.1626839191533
-247.79917726422076  -1078.5284373509726  -538.4890115337685
-247.79917726422076  -1078.5284373509726  -539.8153391483836
-247.79917726422076  -1078.5284373509726  -541.1416667629989
-247.79917726422076  -1078.5284373509726  -542.467994377614
-247.79917726422076  -1078.5284373509726  -543.7943219922292
-247.79917726422076  -1078.5284373509726  -545.1206496068444
-247.79917726422076  -1078.5284373509726  -546.4469772214596
-247.79917726422076  -1078.5284373509726  -547.7733048360748
-247.79917726422076  -1078.5284373509726  -549.09963245069
-247.79917726422076  -1078.5284373509726  -550.4259600653053
-247.79917726422076  -1078.5284373509726  -551.7522876799204
-247.79917726422076  -1078.5284373509726  -553.0786152945357
-247.79917726422076  -1078.5284373509726  -554.4049429091508
-247.79917726422076  -1078.5284373509726  -555.7312705237659
-247.79917726422076  -1078.5284373509726  -557.0575981383812
-247.79917726422076  -1078.5284373509726  -558.3839257529963
-247.79917726422076  -1078.5284373509726  -559.7102533676116
-247.79917726422076  -1078.5284373509726  -561.0365809822267
-247.79917726422076  -1078.5284373509726  -562.362908596842
-247.79917726422076  -1078.5284373509726  -563.6892362114572
-247.79917726422076  -1078.5284373509726  -565.0155638260724
-247.79917726422076  -1078.5284373509726  -566.3418914406875
-247.79917726422076  -1078.5284373509726  -567.6682190553028
-247.79917726422076  -1078.5284373509726  -568.9945466699179
-247.79917726422076  -1078.5284373509726  -570.3208742845331
-247.79917726422076  -1078.5284373509726  -571.6472018991483
-247.79917726422076  -1078.5284373509726  -572.9735295137635
-247.79917726422076  -1078.5284373509726  -574.2998571283787
-247.79917726422076  -1078.5284373509726  -575.6261847429939
-247.79917726422076  -1078.5284373509726  -576.9525123576091
-247.79917726422076  -1078.5284373509726  -578.2788399722243
-247.79917726422076  -1078.5284373509726  -579.6051675868395
-247.79917726422076  -1078.5284373509726  -580.9314952014547
-247.79917726422076  -1078.5284373509726  -582.2578228160698
-247.79917726422076  -1078.5284373509726  -583.584150430685
-247.79917726422076  -1078.5284373509726  -584.9104780453002
-247.79917726422076  -1078.5284373509726  -586.2368056599155
-247.79917726422076  -1078.5284373509726  -587.5631332745306
-247.79917726422076  -1078.5284373509726  -588.8894608891459
-247.79917726422076  -1078.5284373509726  -590.215788503761
-247.79917726422076  -1078.5284373509726  -591.5421161183763
-247.79917726422076  -1078.5284373509726  -592.8684437329914
-247.79917726422076  -1078.5284373509726  -594.1947713476067
-247.79917726422076  -1078.5284373509726  -595.5210989622218
-247.79917726422076  -1078.5284373509726  -596.847426576837
-247.79917726422076  -1078.5284373509726  -598.1737541914522
-247.79917726422076  -1078.5284373509726  -599.5000818060674
-247.79917726422076  -1078.5284373509726  -600.8264094206826
-247.79917726422076  -1078.5284373509726  -602.1527370352978
-247.79917726422076  -1078.5284373509726  -603.479064649913
-247.79917726422076  -1078.5284373509726  -604.8053922645282
-247.79917726422076  -1078.5284373509726  -606.1317198791434
-247.79917726422076  -1078.5284373509726  -607.4580474937586
-247.79917726422076  -1078.5284373509726  -608.7843751083738
-247.79917726422076  -1078.5284373509726  -610.1107027229889
-247.79917726422076  -1078.5284373509726  -611.4370303376041
-247.79917726422076  -1078.5284373509726  -612.7633579522194
-247.79917726422076  -1078.5284373509726  -614.0896855668345
-247.79917726422076  -1078.5284373509726  -615.4160131814498
-247.79917726422076  -1078.5284373509726  -616.7423407960649
-247.79917726422076  -1078.5284373509726  -618.0686684106802
-247.79917726422076  -1078.5284373509726  -619.3949960252953
-247.79917726422076  -1078.5284373509726  -620.7213236399105
-247.79917726422076  -1078.5284373509726  -622.0476512545257
-247.79917726422076  -1078.5284373509726  -623.3739788691408
-247.79917726422076  -1078.5284373509726  -624.7003064837561
-247.79917726422076  -1078.5284373509726  -626.0266340983712
-247.79917726422076  -1078.5284373509726  -627.3529617129864
-247.79917726422076  -1078.5284373509726  -628.6792893276016
-247.79917726422076  -1078.5284373509726  -630.0056169422168
-247.79917726422076  -1078.5284373509726  -631.331944556832
-247.79917726422076  -1078.5284373509726  -632.6582721714473
-247.79917726422076  -1078.5284373509726  -633.9845997860623
-247.79917726422076  -1078.5284373509726  -635.3109274006775
-247.79917726422076  -1078.5284373509726  -636.6372550152928
-247.79917726422076  -1078.5284373509726  -637.9635826299079
-247.79917726422076  -1078.5284373509726  -639.2899102445232
-247.79917726422076  -1078.5284373509726  -640.6162378591383
-247.79917726422076  -1078.5284373509726  -641.9425654737536
-247.79917726422076  -1078.5284373509726  -643.2688930883687
-247.79917726422076  -1078.5284373509726  -644.595220702984
-247.79917726422076  -1078.5284373509726  -645.9215483175992
-247.79917726422076  -1078.5284373509726  -647.2478759322142
-247.79917726422076  -1078.5284373509726  -648.5742035468295
-247.79917726422076  -1078.5284373509726  -649.9005311614447
-247.79917726422076  -1078.5284373509726  -651.22685877606
-247.79917726422076  -1078.5284373509726  -652.5531863906751
-247.79917726422076  -1078.5284373509726  -653.8795140052903
-247.79917726422076  -1078.5284373509726  -655.2058416199055
-247.79917726422076  -1078.5284373509726  -656.5321692345207
-247.79917726422076  -1078.5284373509726  -657.8584968491359
-247.79917726422076  -1078.5284373509726  -659.1848244637512
-247.79917726422076  -1078.5284373509726  -660.5111520783662
-247.79917726422076  -1078.5284373509726  -661.8374796929814
