9.20
11.25
12.47
13.94
12.88
12.97
12.80
9.00
10.31
9.55
9.12
8.43
9.40
9.83
11.16
8.25
12.48
14.86
11.98
0.00
11.26
11.58
12.47
10.34
12.39
6.39
0.00
12.10
23.39
17.46
6.68
0.00
8.70
11.46
8.73
0.00
19.06
15.78
13.77
17.83
15.91
0.00
16.37
21.93
11.94
22.63
20.06
16.03
9.24
22.54
10.16
13.35
9.47
11.42
17.00
12.91
16.11
16.01
16.28
0.00
21.99
11.47
28.61
12.52
13.11
9.80
11.11
18.22
10.60
15.45
6.86
11.05
8.01
14.37
16.82
12.38
17.44
16.25
18.75
0.00
